149.557
177.445
197.267
213.153
226.683
238.607
249.347
259.165
268.241
276.701
284.641
292.134
299.237
305.997
312.451
318.631
324.564
330.271
335.772
341.085
346.223
351.199
356.026
360.713
365.269
369.702
374.02
378.229
382.336
386.345
390.263
394.093
397.84
401.508
405.101
408.622
412.073
415.459
418.781
422.043
425.246
428.393
431.487
434.528
437.52
440.463
443.359
446.211
449.019
451.784
454.509
457.195
459.842
462.452
465.026
467.565
470.07
472.542
474.983
477.392
479.77
482.119
484.44
486.732
488.997
491.235
493.448
495.635
497.798
499.937
502.052
504.144
506.214
508.262
510.289
512.294
514.28
516.245
518.191
520.118
522.026
523.916
525.788
527.643
529.48
531.301
533.105
534.893
536.666
538.423
540.165
541.892
543.604
545.302
546.987
548.658
550.315
551.959
553.59
555.209
