100
100
100
100
100
100
100
100
100
100
100.001
100.002
100.003
100.005
100.009
100.014
100.021
100.032
100.046
100.064
100.088
100.119
100.157
100.203
100.258
100.325
100.402
100.492
100.596
100.714
100.847
100.997
101.163
101.347
101.55
101.771
102.012
102.273
102.555
102.858
103.182
103.528
103.895
104.285
104.696
105.13
105.587
106.066
106.567
107.091
107.638
108.206
108.797
109.41
110.045
110.701
111.379
112.078
112.799
113.54
114.302
115.084
115.886
116.708
117.55
118.411
119.29
120.189
121.105
122.04
122.992
123.962
124.948
125.952
126.971
128.007
129.059
130.126
131.208
132.306
133.417
134.543
135.683
136.836
138.003
139.183
140.375
141.58
142.797
144.026
145.266
146.518
147.781
149.054
150.339
151.633
152.937
154.251
155.575
156.908
